# Included fit function

def f(x):
	b1	=	1288.13968
	b2	=	1491.0792535
	b3	=	583.23836877
	b4	=	75.416644291
	b5	=	0.9662950286
	b6	=	0.397972858
	b7	=	0.0497272973
	return (b1 + b2*x + b3*x**2 + b4*x**3) / (1 + b5*x + b6*x**2 + b7*x**3)